This model was run from 2013-07-22 to 2015-07-22 on dia
capital: 10014.427691629986	avgR: -0.06854664273174557	total R: -4.318438492099971
total trades: 63	wins: 26	losses: 37
avg win: 1.056241123011286	avg loss: -0.8589380456863085	
biggest win: 2.962637103828875	biggest loss: -1.180356598348168
R log:
-0.8200000000000133
-0.5500000000000069
-0.9099999999999969
0.5697621417475076
1.060786174380121
-1.116966629083637
-0.910000000000008
0.7680021951994213
0.425282441554775
0.4754078070427814
0.44525554904300596
-1.0
0.45356213100526666
2.962637103828875
-0.8199999999999904
-1.0
1.1187686342396828
0.4071345255637705
-0.9099999999999856
0.5044705556721292
-1.0
-0.8859356879684007
-1.0
-0.7851266785234914
1.322404019230565
0.9799044317286053
1.804508417662817
-1.0
1.6146068036054853
1.2162009497220647
0.46124953228885457
-1.142826688233983
-1.052627146833074
0.7488595900825578
-0.6400000000000512
-0.5499999999999696
-1.0749889375829542
-0.9100000000000045
-0.6302305316467365
-1.0
2.3636445279463625
0.5196419424608374
-0.10000000000002128
-1.0
2.059812301121083
-0.910000000000002
-0.966141473844643
1.7684601034574599
-0.8009684925598578
0.7477173307785238
-1.180356598348168
-0.5500000000000299
-0.7100026896607461
-1.0
-0.9099999999999946
1.5182139012061686
-0.5499999999999857
-0.8200000000000078
-1.0245361361076462
-0.8200000000000021
0.3196714592856916
-0.7300000000000025
0.8263046284390254
